# Created by Octave 6.2.0, Tue Mar 29 14:50:03 2022 -03 <penido@penidonot>
# name: x
# type: matrix
# rows: 1
# columns: 5
 -55 -25 5 35 65


# name: y
# type: matrix
# rows: 1
# columns: 5
 -3.25 -3.2000000000000002 -3.02 -3.3199999999999998 -3.1000000000000001


